Node (, Transform: [0.000000 0.000000 0.000000] [1.000000 0.000000 0.000000] [0.000000 1.000000 0.000000] [0.000000 0.000000 1.000000])
	Node (Scene Root, Transform: [0.000000 0.000000 0.000000] [1.000000 0.000000 0.000000] [0.000000 1.000000 0.000000] [0.000000 0.000000 1.000000])
		Mesh Holder (w_c_s, Transform: [0.346627 -15.875777 0.184046] [-1.000000 0.000000 -0.000000] [-0.000000 -1.000000 -0.000000] [0.000000 0.000000 -1.000000])
		Mesh Holder (w_c_w, Transform: [-24.667006 -0.356170 -0.483118] [-1.000000 0.000000 0.000000] [0.000000 1.000000 0.000000] [0.000000 0.000000 1.000000])
		Mesh Holder (w_t_sw, Transform: [-11.439744 -10.089025 12.447041] [-0.926506 0.012525 0.376073] [0.187776 0.881494 0.433252] [0.326079 -0.472028 0.819061])
		Mesh Holder (w_t_se, Transform: [12.530434 -10.139008 12.447039] [0.926506 -0.012525 -0.376073] [0.187776 0.881494 0.433252] [0.326080 -0.472028 0.819061])
		Mesh Holder (w_t_nw, Transform: [-11.439743 11.224961 12.447039] [-0.926505 0.012525 0.376073] [-0.187776 -0.881495 -0.433253] [0.326080 -0.472028 0.819061])
		Mesh Holder (w_t_ne, Transform: [12.530409 11.174982 12.447039] [0.926506 -0.012525 -0.376073] [-0.187776 -0.881495 -0.433252] [0.326080 -0.472028 0.819061])
		Mesh Holder (w_b_se, Transform: [12.530432 -10.139008 -11.618122] [0.926506 -0.012525 -0.376073] [0.187775 0.881495 0.433252] [-0.326079 0.472028 -0.819061])
		Mesh Holder (w_b_sw, Transform: [-11.439744 -10.089025 -11.618122] [-0.926506 0.012525 0.376073] [0.187776 0.881495 0.433252] [-0.326080 0.472028 -0.819061])
		Mesh Holder (w_b_nw, Transform: [-11.439744 11.224960 -11.618122] [-0.926506 0.012525 0.376073] [-0.187776 -0.881495 -0.433252] [-0.326080 0.472028 -0.819061])
		Mesh Holder (bottom_middle, Transform: [1.092095 -0.001409 -25.031364] [1.000000 0.000000 0.000000] [0.000000 0.000000 -1.000000] [0.000000 1.000000 0.000000])
		Mesh Holder (bottom_ne, Transform: [3.509564 2.091831 -22.744745] [1.000000 0.000000 0.000000] [0.000000 0.000000 -1.000000] [0.000000 1.000000 0.000000])
		Mesh Holder (w_c_e, Transform: [25.302549 -0.356170 -0.483118] [1.000000 0.000000 0.000000] [0.000000 1.000000 0.000000] [0.000000 0.000000 1.000000])
		Mesh Holder (w_c_n, Transform: [0.346627 15.504984 0.184046] [-1.000000 0.000000 0.000000] [0.000000 1.000000 0.000000] [0.000000 0.000000 -1.000000])
		Mesh Holder (w_b_ne, Transform: [12.530408 11.174982 -11.618122] [0.926506 -0.012525 -0.376073] [-0.187776 -0.881495 -0.433252] [-0.326080 0.472028 -0.819061])
		Mesh Holder (bottom_se, Transform: [2.246896 -2.646964 -19.899738] [1.000000 0.000000 0.000000] [0.000000 0.000000 -1.000000] [0.000000 1.000000 0.000000])
		Mesh Holder (bottom_sw, Transform: [-0.803995 -1.287078 -20.607176] [1.000000 0.000000 0.000000] [0.000000 0.000000 -1.000000] [0.000000 1.000000 0.000000])
		Mesh Holder (bottom_nw, Transform: [-1.165108 2.235495 -25.169809] [1.000000 0.000000 0.000000] [0.000000 0.000000 -1.000000] [0.000000 1.000000 0.000000])
		Mesh Holder (center_main, Transform: [-4.514120 -0.001410 5.069100] [1.000000 0.000000 0.000000] [0.000000 0.000000 -1.000000] [0.000000 1.000000 0.000000])
		Mesh Holder (center_main_ring, Transform: [-4.514120 -0.001410 5.069100] [1.000000 0.000000 0.000000] [0.000000 0.000000 -1.000000] [0.000000 1.000000 0.000000])
		Mesh Holder (center_rings, Transform: [-4.514120 -0.001410 5.069100] [1.000000 0.000000 0.000000] [0.000000 0.000000 -1.000000] [0.000000 1.000000 0.000000])
		Mesh Holder (main, Transform: [-4.514120 -0.001410 5.069100] [1.000000 0.000000 0.000000] [0.000000 0.000000 -1.000000] [0.000000 1.000000 0.000000])
